   9.7517260e-01  -2.2142237e-01  -3.2463150e-03   0.0000000e+00
   2.2105101e-01   9.7245247e-01   7.3977358e-02   0.0000000e+00
  -1.3223355e-02  -7.2858293e-02   9.9725464e-01   0.0000000e+00
   0.0000000e+00   0.0000000e+00   0.0000000e+00   1.0000000e+00
